 18 143  40
 19  40 163
 20 163 151
 21 151 164
 22 164  40
 23  40 141
 24 141 155
 25 155 145
 26 145 164
 27 164  54
 28  54  40
 29  40 143
 30 143 157
 31 157 156
 32 156 163
 33 163 145
 34 145 143
 35 143 164
 36 164 145
 37 145 164
 38 164 165
 39 165 162
 40 162  40
 41 171 141
 42  40 144
 43 141 151
 44 144 160
 46 160 163
 47 151 143
 48 163 151
 49 143 156
 50 151 147
 51 156  40
 52 147 145
 53  40 154
 54 143 151
 55 145 164
 56 154  54
 57 151  40
 58 164 163
 59  54 145
 60  40 144
 61 163  40
 62 145 144
 63 144 157
 65 144 145
 66 157 151
 67 164 165
 68  40 163
 69 145 155
 70 151 157
 71 165 144
 72 163  40
 73 155 164
 74 157 145
 75 144 155
 76  40 160
 77 164 157
 78 145 162
 79 155  40
 80 160 151
 81 157 156
 82 162 143
 83  40 151
 84 151 144
 85 156 151
 86 143 144
 87 151 165
 88 146 156
 89 144 164
 90 151  40
 91 144 165
 92 165 164
 93 156  40
 94 164 154
 95  40 141
 96 165 142
 97 164 157
 98  40 162
 99 154 145
100 141  40
101 142 145
102 157 164
103 162  40
104 145 144
105  40 157
106 145 154
107 164 157
108  40 162
109 144 145
110 157  40
111 154 155
112 157 141
113 162 147
114 145 156
115  40 141
116 155  40
118 147 154
119 156 151
120 141 161
121  40 165
123 154  56
124 151  40
125 161 125
126 165 164
127 141  40
128 154 145
129  56 156
130  40 151
131 125 155
132 164  40
133  40 141
134 145 144
135 156  40
136 151 155
137 155 151
138  40 156
139 141 151
140 144 155
142 155 166
143 151 145
146 155 141
147 141 155
148  40  54
149 166  40
150 145 161
151 156 165
153 141 163
154 155  40
155  54 156
156  40 157
157 161 163
158 165 164
159 151 162
160 163 165
161 164 144
163 156 145
164 157 170
165 163 145
166 164 162
167 162 143
168 165 151
169 144 164
170  40 141
171 145 164
172 170 151
173 145 157
174 162 156
175 143  40
176 151 165
177 164 154
178 141 154
179 164 141
180 151 155
181 157 143
182 156 157
184 165 154
185 154 141
186 154 142
187 141 157
188 155 162
189 143 151
190 157 163
191 151  40
192  40 156
193 154 151
194 141 163
195 142 151
196 157  40
197 162 165
198 151 164
199 163  40
200  40 141
201 156 154
203 163 161
204 151 165
205 156 151
206  40 160
207 165  40
208 164 145
209  40 170
210 141  40
211 154 145
212 151 141
213 161  40
214 165 143
215 151 157
216 160 155
217  40 155
218 145 157
219 170 144
220  40 157
221 145  40
222 141 143
223 151 157
224  40 156
225 143 163
226 157 145
227 155 161
228 155 165
229 157 141
230 144 164
231 157  56
232 163  40
233  40 104
234 143 165
235 157 151
236 156 163
237 163  40
238 145 141
239 161 165
240 165 164
241 141 145
242 164  40
243  56 151
244  40 162
245 104 165
246 165 162
247 151 145
248 163  40
249  40 144
250 143 157
251 141 154
252 165 157
253 164 162
254 145  40
255  40 151
256 151 156
257 162  40
258 165 162
259 162 145
260 145 160
261  40 162
262 144 145
263 157 150
264 154 145
265 157 156
266 162 144
267  40 145
268 151 162
269 156 151
270  40 164
271 162  40
272 145 151
273 160 156
274 162  40
275 145 166
276 150 157
277 145 154
278 156 165
279 144 160
280 145 164
281 162 141
282 151 164
283 164 145
285 151 166
286 156 145
287  40 154
288 166 151
289 157 164
290 154  40
291 165 145
292 160 163
293 164 163
294 141 145
295 164  40
296 145 143
297  40 151
298 166 154
299 145 154
300 154 165
301 151 155
302 164  40
303  40 144
305 145 154
306 163 157
307 163 162
310 143 145
311 151 165
312 154  40
313 154 146
315 155 147
316  40 151
317 144 141
318 157 164
319 154  40
320 157 156
321 162 165
322 145 154
323  40 154
324 145 141
325 165  40
326  40 160
327 146 141
328 165 162
329 147 151
330 151 141
331 141 164
332 164 165
333  40 162
334 156  56
335 165  40
336 154 105
337 154 170
338 141 143
339  40 145
341 141 164
342 162 145
343 151 165
344 141 162
345 164  40
346 165 163
347 162 151
348  56 156
349  40 164
350 105  40
351 170 157
353 145 143
354 160 141
355 164 145
356 145 143
357 165 141
358 162 164
360 157 143
361 163 165
362 151 160
363 156 151
364 164 144
365  40 141
366 157 164
367 143 141
368 143 164
369 141  40
370 145 156
371 143 157
372 141 156
373 164  40
374  40 160
375 143 162
376 165 157
377 160 151
378 151 144
379 144 145
380 141 156
382 141  54
383 164  40
384  40 163
385 156 165
386 157 156
387 156 164
389 160 151
390 162 156
391 157  40
392 151 143
393 144 165
394 145 154
395 156 160
396 164 141
397  54  40
398  40 161
399 163 165
400 165 151
401 156  40
402 164 157
403  40 146
404 151 146
405 156 151
406  40 143
407 143 151
408 165 141
409 154  40
410 160 144
411 141 145
412  40 163
413 161 145
414 165 162
415 151 165
416  40 156
417 157 164
418 146  40
419 146 155
420 151 157
421 143 154
422 151 154
423 141 151
424  40 164
425 144  40
426 145 141
427 163 156
428 145 151
429 162 155
430 165  40
431 156 151
432 164 144
434 155 145
435 157 163
436 154 164
437 154  40
438 151 154
439 164 141
440  40 142
441 141 157
442 156 162
443 151 165
445  40  56
446 154  40
447 151  12
